# Clock	Points
1	0
2	0
3	0
4	0
5	0
6	0
7	0
8	0
9	0
10	0
11	0
12	0
13	0
14	0
15	0
16	0
17	0
18	0
19	0
20	0
21	0
22	0
23	0
24	0
25	0
26	0
27	0
28	0
29	0
30	0
31	0
32	0
33	0
34	0
35	0
36	0
37	0
38	0
39	0
40	0
41	0
42	0
43	0
44	0
45	0
46	0
47	0
48	0
49	0
50	0
51	0
52	0
53	0
54	0
55	0
56	0
57	0
58	0
59	0
60	0
61	0
62	0
63	0
64	0
65	0
66	0
67	0
68	0
69	0
70	0
71	0
72	0
73	0
74	0
75	0
76	0
77	0
78	0
79	0
80	0
81	0
82	0
83	0
84	0
85	0
86	0
87	0
88	0
89	0
90	0
91	0
92	0
93	0
94	0
95	0
96	0
97	0
98	0
99	0
100	0
101	0
102	0
103	0
104	0
105	0
106	0
107	0
108	0
109	0
110	0
111	0
112	0
113	0
114	0
115	0
116	0
117	0
118	0
119	0
120	0
121	0
122	0
123	0
124	0
125	0
126	0
127	0
128	0
129	0
130	0
131	0
132	0
133	0
134	0
135	0
136	0
137	0
138	0
139	0
140	0
141	0
142	0
143	0
144	0
145	0
146	0
147	0
148	0
149	0
150	0
151	0
152	0
153	0
154	0
155	0
156	0
157	0
158	0
159	0
160	0
161	0
162	0
163	0
164	0
165	0
166	0
167	0
168	0
169	0
170	0
171	0
172	0
173	0
174	0
175	0
176	0
177	0
178	0
179	0
180	0
181	0
182	0
183	0
184	0
185	0
186	0
187	0
188	0
189	0
190	0
191	0
192	0
193	0
194	0
195	0
196	0
197	0
198	0
199	0
200	0
201	0
202	0
203	0
204	0
205	0
206	0
207	0
208	0
209	0
210	0
211	0
212	0
213	0
214	0
215	0
216	0
217	0
218	0
219	0
220	0
221	0
222	0
223	0
224	0
225	0
226	0
227	0
228	0
229	0
230	0
231	0
232	0
233	0
234	0
235	0
236	0
237	0
238	0
239	0
240	0
241	0
242	0
243	0
244	0
245	0
246	0
247	0
248	0
249	0
250	0
251	0
252	0
253	0
254	0
255	0
256	1
257	2
258	3
259	4
260	5
261	6
262	7
263	8
264	9
265	10
266	11
267	12
268	13
269	14
270	15
271	16
272	17
273	18
274	19
275	20
276	21
277	22
278	23
279	24
280	25
281	26
282	27
283	28
284	29
285	30
286	31
287	32
288	33
289	34
290	35
291	36
292	37
293	38
294	39
295	40
296	41
297	42
298	43
299	44
300	45
301	46
302	47
303	48
304	49
305	51
306	53
307	55
308	57
309	59
310	61
311	63
312	65
313	67
314	69
315	71
316	74
317	77
318	80
319	83
320	86
321	89
322	92
323	95
324	98
325	101
326	104
327	107
328	110
329	113
330	116
331	119
332	122
333	125
334	128
335	131
336	134
337	137
338	140
339	143
340	146
341	149
342	152
343	155
344	158
345	161
346	164
347	167
348	170
349	173
350	176
351	179
352	182
353	185
354	188
355	191
356	194
357	197
358	200
359	203
360	206
361	209
362	212
363	215
364	218
365	221
366	224
367	227
368	230
369	233
370	236
371	239
372	242
373	245
374	248
375	251
376	254
377	257
378	261
379	265
380	269
381	273
382	277
383	281
384	285
385	289
386	293
387	297
388	301
389	305
390	309
391	313
392	317
393	321
394	325
395	329
396	333
397	337
398	341
399	345
400	349
401	353
402	357
403	361
404	365
405	369
406	373
407	377
408	381
409	385
410	389
411	393
412	397
413	401
414	405
415	409
416	413
417	417
418	421
419	425
420	429
421	433
422	437
423	441
424	445
425	449
426	453
427	457
428	461
429	465
430	469
431	473
432	477
433	481
434	485
435	489
436	493
437	498
438	503
439	508
440	513
441	518
442	523
443	528
444	533
445	538
446	543
447	548
448	553
449	558
450	563
451	568
452	573
453	578
454	583
455	588
456	593
457	598
458	603
459	608
460	613
461	618
462	623
463	628
464	633
465	638
466	643
467	648
468	653
469	658
470	663
471	668
472	673
473	678
474	683
475	688
476	693
477	698
478	703
479	708
480	713
481	718
482	723
483	728
484	733
485	738
486	743
487	748
488	753
489	758
490	763
491	768
492	773
493	778
494	783
495	788
496	793
497	798
498	803
499	808
500	813
501	818
502	823
503	828
504	833
505	838
506	843
507	848
508	853
509	858
510	863
511	868
512	873
513	878
514	883
515	888
516	893
517	898
518	903
519	908
520	913
521	918
522	923
523	928
524	933
525	938
526	943
527	948
528	953
529	958
530	963
531	968
532	973
533	978
534	984
535	990
536	996
537	1002
538	1008
539	1014
540	1020
541	1026
542	1032
543	1038
544	1044
545	1050
546	1056
547	1062
548	1068
549	1074
550	1080
551	1086
552	1092
553	1098
554	1104
555	1110
556	1116
557	1122
558	1128
559	1134
560	1140
561	1146
562	1152
563	1158
564	1164
565	1170
566	1176
567	1182
568	1188
569	1195
570	1202
571	1209
572	1216
573	1223
574	1230
575	1237
576	1244
577	1251
578	1258
579	1265
580	1272
581	1279
582	1286
583	1293
584	1300
585	1307
586	1314
587	1321
588	1328
589	1335
590	1342
591	1349
592	1356
593	1363
594	1370
595	1378
596	1386
597	1394
598	1402
599	1410
600	1418
601	1426
602	1434
603	1442
604	1450
605	1458
606	1466
607	1474
608	1482
609	1490
610	1498
611	1506
612	1514
613	1522
614	1530
615	1538
616	1546
617	1554
618	1562
619	1570
620	1578
621	1586
622	1594
623	1602
624	1610
625	1618
626	1626
627	1634
628	1642
629	1650
630	1658
631	1666
632	1674
633	1682
634	1690
635	1698
636	1706
637	1714
638	1722
639	1730
640	1738
641	1746
642	1754
643	1762
644	1770
645	1778
646	1786
647	1794
648	1802
649	1810
650	1818
651	1826
652	1834
653	1842
654	1850
655	1858
656	1866
657	1874
658	1882
659	1890
660	1898
661	1906
662	1914
663	1922
664	1930
665	1938
666	1946
667	1954
668	1962
669	1970
670	1978
671	1986
672	1994
673	2002
674	2010
675	2018
676	2026
677	2034
678	2042
679	2050
680	2058
681	2066
682	2074
683	2082
684	2090
685	2098
686	2106
687	2114
688	2122
689	2130
690	2138
691	2146
692	2154
693	2162
694	2170
695	2178
696	2186
697	2194
698	2202
699	2210
700	2218
701	2226
702	2234
703	2243
704	2252
705	2261
706	2270
707	2279
708	2288
709	2297
710	2306
711	2315
712	2324
713	2333
714	2342
715	2351
716	2360
717	2369
718	2378
719	2387
720	2396
721	2405
722	2414
723	2423
724	2432
725	2441
726	2450
727	2459
728	2468
729	2477
730	2486
731	2495
732	2504
733	2513
734	2522
735	2531
736	2540
737	2549
738	2558
739	2567
740	2576
741	2585
742	2594
743	2603
744	2612
745	2621
746	2630
747	2639
748	2648
749	2657
750	2666
751	2675
752	2684
753	2693
754	2702
755	2711
756	2720
757	2729
758	2738
759	2747
760	2756
761	2765
762	2774
763	2783
764	2792
765	2801
766	2810
767	2819
768	2828
769	2837
770	2846
771	2855
772	2864
773	2873
774	2883
775	2893
776	2903
777	2913
778	2923
779	2933
780	2943
781	2953
782	2963
783	2973
784	2983
785	2993
786	3003
787	3013
788	3023
789	3033
790	3043
791	3053
792	3063
793	3073
794	3083
795	3093
796	3103
797	3113
798	3123
799	3133
800	3143
801	3153
802	3164
803	3175
804	3186
805	3197
806	3208
807	3219
808	3230
809	3241
810	3252
811	3263
812	3274
813	3285
814	3296
815	3307
816	3318
817	3329
818	3340
819	3351
820	3362
821	3373
822	3384
823	3395
824	3406
825	3417
826	3428
827	3439
828	3450
829	3461
830	3472
831	3483
832	3494
833	3505
834	3516
835	3527
836	3538
837	3549
838	3560
839	3571
840	3582
841	3593
842	3604
843	3615
844	3626
845	3637
846	3648
847	3659
848	3670
849	3681
850	3692
851	3703
852	3714
853	3725
854	3736
855	3747
856	3758
857	3769
858	3780
859	3791
860	3802
861	3813
862	3824
863	3835
864	3846
865	3857
866	3868
867	3879
868	3890
869	3901
870	3912
871	3923
872	3934
873	3945
874	3956
875	3967
876	3978
877	3989
878	4000
879	4011
880	4022
881	4033
882	4044
883	4055
884	4066
885	4077
886	4088
887	4099
888	4110
889	4121
890	4132
891	4143
892	4154
893	4165
894	4176
895	4187
896	4198
897	4209
898	4220
899	4231
900	4242
901	4253
902	4264
903	4275
904	4286
905	4297
906	4308
907	4319
908	4330
909	4341
910	4352
911	4363
912	4374
913	4385
914	4396
915	4408
916	4420
917	4432
918	4444
919	4456
920	4468
921	4480
922	4492
923	4504
924	4516
925	4528
926	4540
927	4552
928	4564
929	4576
930	4588
931	4600
932	4612
933	4624
934	4636
935	4648
936	4660
937	4672
938	4684
939	4696
940	4708
941	4720
942	4732
943	4744
944	4756
945	4768
946	4780
947	4792
948	4804
949	4816
950	4828
951	4840
952	4852
953	4864
954	4876
955	4888
956	4900
957	4912
958	4924
959	4936
960	4948
961	4960
962	4972
963	4984
964	4996
965	5008
966	5020
967	5032
968	5044
969	5056
970	5068
971	5080
972	5092
973	5104
974	5116
975	5128
976	5140
977	5152
978	5164
979	5176
980	5188
981	5200
982	5212
983	5224
984	5236
985	5248
986	5260
987	5272
988	5284
989	5296
990	5308
991	5320
992	5332
993	5344
994	5356
995	5368
996	5380
997	5392
998	5404
999	5416
1000	5428
1001	5440
1002	5452
1003	5464
1004	5476
1005	5488
1006	5500
1007	5512
1008	5524
1009	5536
1010	5548
1011	5560
1012	5572
1013	5584
1014	5596
1015	5608
1016	5620
1017	5632
1018	5644
1019	5656
1020	5668
1021	5680
1022	5692
1023	5704
1024	5716
1025	5728
1026	5740
1027	5752
1028	5764
1029	5776
1030	5788
1031	5800
1032	5812
1033	5824
1034	5836
1035	5848
1036	5860
1037	5872
1038	5884
1039	5896
1040	5908
1041	5920
1042	5932
1043	5944
1044	5956
1045	5968
1046	5980
1047	5992
1048	6004
1049	6016
1050	6028
1051	6040
1052	6052
1053	6064
1054	6076
1055	6088
1056	6100
1057	6112
1058	6124
1059	6136
1060	6148
1061	6160
1062	6172
1063	6184
1064	6196
1065	6208
1066	6220
1067	6232
1068	6244
1069	6256
1070	6268
1071	6280
1072	6292
1073	6304
1074	6316
1075	6328
1076	6340
1077	6352
1078	6364
1079	6376
1080	6388
1081	6400
1082	6412
1083	6424
1084	6436
1085	6448
1086	6460
1087	6472
1088	6484
1089	6496
1090	6508
1091	6520
1092	6532
1093	6544
1094	6556
1095	6568
1096	6580
1097	6592
1098	6604
1099	6616
1100	6628
1101	6640
1102	6652
1103	6664
1104	6676
1105	6688
1106	6700
1107	6712
1108	6724
1109	6736
1110	6748
1111	6760
1112	6772
1113	6784
1114	6796
1115	6808
1116	6821
1117	6834
1118	6847
1119	6860
1120	6873
1121	6886
1122	6899
1123	6912
1124	6925
1125	6938
1126	6951
1127	6964
1128	6977
1129	6990
1130	7003
1131	7016
1132	7029
1133	7042
1134	7055
1135	7068
1136	7081
1137	7094
1138	7107
1139	7120
1140	7133
1141	7146
1142	7159
1143	7172
1144	7185
1145	7198
1146	7211
1147	7224
1148	7237
1149	7250
1150	7263
1151	7276
1152	7289
1153	7302
1154	7315
1155	7328
1156	7341
1157	7354
1158	7367
1159	7380
1160	7393
1161	7406
1162	7419
1163	7432
1164	7445
1165	7458
1166	7471
1167	7484
1168	7497
1169	7510
1170	7523
1171	7536
1172	7549
1173	7562
1174	7575
1175	7588
1176	7601
1177	7614
1178	7627
1179	7640
1180	7653
1181	7666
1182	7679
1183	7692
1184	7705
1185	7718
1186	7731
1187	7744
1188	7757
1189	7770
1190	7783
1191	7796
1192	7809
1193	7822
1194	7835
1195	7848
1196	7861
1197	7874
1198	7887
1199	7900
1200	7913
